<?xml version="1.0"?>
<opencv_storage>
<calibr_poses type_id="opencv-matrix">
  <rows>32</rows>
  <cols>6</cols>
  <dt>d</dt>
  <data>
    5.0601023249328136e-03 -1.1897578835487366e-02
    4.7999998927116394e-01 -8.9416730020275281e-08
    8.7400039205931535e-08 -1.5936064720153809e+00
    5.0601023249328136e-03 -1.1897578835487366e-02
    4.7999998927116394e-01 -3.7108916044235229e-01
    2.1673917770385742e-01 -1.6344435214996338e+00
    -3.0502267181873322e-02 -1.3248048722743988e-02
    4.7999998927116394e-01 4.2435631155967712e-01
    -2.4338057637214661e-01 -1.6459383964538574e+00
    3.7096366286277771e-03 -2.7202904224395752e-02
    4.7999998927116394e-01 5.6102357804775238e-02 2.8484830260276794e-01
    -1.6539379358291626e+00 3.7096366286277771e-03
    -2.7202904224395752e-02 4.7999998927116394e-01
    9.0899378061294556e-02 -4.8499771952629089e-01
    -1.6576892137527466e+00 3.7096366286277771e-03
    -2.7202904224395752e-02 4.7999998927116394e-01
    -6.2109764665365219e-02 4.3673217296600342e-01
    -1.6535588502883911e+00 8.2112029194831848e-03
    1.5561971813440323e-02 4.7999998927116394e-01
    -1.7542627453804016e-01 -4.5687121152877808e-01
    -1.6522922515869141e+00 -1.7897881567478180e-02
    -2.0900711417198181e-02 4.7999998927116394e-01
    -1.7542624473571777e-01 -4.5687121152877808e-01
    -1.3588418960571289e+00 -1.7897881567478180e-02
    -2.0900711417198181e-02 4.7999998927116394e-01
    -5.7575069367885590e-02 3.5665494203567505e-01
    -1.3652765750885010e+00 -1.7897881567478180e-02
    -2.0900711417198181e-02 4.7999998927116394e-01
    -5.7575106620788574e-02 3.5665494203567505e-01
    -1.7047647237777710e+00 1.3613078743219376e-02
    -8.7464833632111549e-03 4.7999998927116394e-01
    -2.7155095338821411e-01 -4.4131973385810852e-01
    -1.6948997974395752e+00 3.3870127052068710e-02
    -1.5048676170408726e-02 4.7999998927116394e-01
    3.2245378941297531e-02 3.4806273877620697e-02
    -1.3478424549102783e+00 3.3870127052068710e-02
    -1.5048676170408726e-02 4.7999998927116394e-01
    4.0544840693473816e-01 3.0350953340530396e-01
    -1.2837172746658325e+00 3.3870127052068710e-02
    -1.5048676170408726e-02 4.7999998927116394e-01
    4.0544840693473816e-01 3.0350953340530396e-01
    -1.7413084506988525e+00 -1.2045849114656448e-02
    -9.1966409236192703e-03 4.7999998927116394e-01
    -2.6185828447341919e-01 -4.0081877261400223e-02
    -1.8336462974548340e+00 -2.9601957648992538e-02
    -3.3054940402507782e-02 4.7999998927116394e-01
    1.6576938331127167e-01 1.0501412302255630e-01
    -1.5366882085800171e+00 -2.5100391358137131e-02
    2.1864160895347595e-02 4.7999998927116394e-01 1.6576935350894928e-01
    1.0501413047313690e-01 -1.6557511091232300e+00
    2.3066371679306030e-02 3.2217763364315033e-02 4.7999998927116394e-01
    -1.5670332312583923e-01 -3.0166774988174438e-01
    -1.6231483221054077e+00 2.5317154824733734e-02
    -3.5305723547935486e-02 4.7999998927116394e-01
    -3.8557612895965576e-01 3.0961030721664429e-01
    -1.6241055727005005e+00 -1.2496002018451691e-02
    -6.4366683363914490e-04 4.7999998927116394e-01
    -3.8557612895965576e-01 3.0961030721664429e-01
    -1.6241055727005005e+00 -1.3846471905708313e-02
    4.3080556206405163e-03 4.7999998927116394e-01 2.0168274641036987e-01
    -2.5108721852302551e-01 -1.6056941747665405e+00
    2.5767307728528976e-02 -1.0938234627246857e-03
    4.7999998927116394e-01 -2.9273477196693420e-01
    -5.5184975266456604e-02 -1.5283694267272949e+00
    -2.9151801019906998e-02 -2.8944499790668488e-03
    4.7999998927116394e-01 1.8784798681735992e-01
    -8.7773747742176056e-02 -1.5633692741394043e+00
    8.6613558232784271e-03 2.3664789274334908e-02 4.7999998927116394e-01
    -8.0375291407108307e-02 -4.8868286609649658e-01
    -1.5530476570129395e+00 8.6613558232784271e-03
    2.3664789274334908e-02 4.7999998927116394e-01 4.6981967985630035e-02
    3.5085937380790710e-01 -1.5626637935638428e+00
    6.8607293069362640e-03 -3.2154627144336700e-02
    4.7999998927116394e-01 4.6981967985630035e-02 3.5085937380790710e-01
    -1.5626637935638428e+00 6.8607293069362640e-03
    -3.2154627144336700e-02 4.7999998927116394e-01
    -4.8802442848682404e-02 -4.3877768516540527e-01
    -1.5581002235412598e+00 2.2616209462285042e-02
    2.9575861990451813e-03 4.7999998927116394e-01
    -4.8802472651004791e-02 -4.3877771496772766e-01
    -1.8445421457290649e+00 2.2616209462285042e-02
    2.9575861990451813e-03 4.7999998927116394e-01
    -3.7331354618072510e-01 1.9496349990367889e-01
    -1.8026500940322876e+00 -2.0598832517862320e-02
    -1.9351020455360413e-04 4.7999998927116394e-01
    1.8300393223762512e-01 3.5341420769691467e-01
    -1.6115089654922485e+00 -2.0598832517862320e-02
    -1.9351020455360413e-04 4.7999998927116394e-01
    3.2101139426231384e-02 -2.5518596172332764e-01
    -1.6192889213562012e+00 5.5852904915809631e-04
    7.0089953951537609e-03 4.7999998927116394e-01
    -1.4210077002644539e-02 2.9327559471130371e-01
    -1.6202052831649780e+00</data></calibr_poses>
</opencv_storage>
